Password=137429615
AdminLevel=0
Money=10000
Skin=1
Materials=0
Packages=0
VehicleType=0
VehiclePosX=0.000000
VehiclePosY=0.000000
VehiclePosZ=0.000000
VehicleAngle=0.000000
Health=100.000000
Armour=0.000000
PosX=1723.124633
PosY=1428.384155
PosZ=10.784700
PosAngle=240.822006
