Password=150012559
AdminLevel=0
Money=10000
Skin=1
Materials=0
Packages=0
VehicleType=0
VehiclePosX=0.000000
VehiclePosY=0.000000
VehiclePosZ=0.000000
VehicleAngle=0.000000
Health=100.000000
Armour=0.000000
PosX=1707.324340
PosY=1438.918457
PosZ=10.784700
PosAngle=245.459625
