Password=150012559
AdminLevel=0
Money=10000
Skin=1
Health=100.000000
Armour=0.000000
PosX=1814.946777
PosY=1443.626831
PosZ=10.784700
PosAngle=270.163024
