Password=150012559
AdminLevel=0
Money=10000
Skin=1
Materials=0
Packages=0
VehicleType=0
VehiclePosX=0.000000
VehiclePosY=0.000000
VehiclePosZ=0.000000
VehicleAngle=0.000000
Health=100.000000
Armour=0.000000
PosX=1677.893676
PosY=1448.028320
PosZ=10.820300
PosAngle=278.261901
