Password=105972175
AdminLevel=0
Money=10000
Skin=294
Materials=0
Packages=0
VehicleType=0
VehiclePosX=0.000000
VehiclePosY=0.000000
VehiclePosZ=0.000000
VehicleAngle=0.000000
Health=96.000000
Armour=0.000000
PosX=2870.349609
PosY=-1977.787475
PosZ=10.784700
PosAngle=253.946456
