Password=137429615
AdminLevel=0
Money=10000
Skin=5
Health=100.000000
Armour=0.000000
PosX=1642.894409
PosY=1785.671630
PosZ=10.820300
PosAngle=39.325908
